1652
96688
37707
28899
2041
52169
48699
28515
71091
32285
40083
91440
39044
78439
43692
38570
79723
19836
43330
48586
43618
5595
43806
28043
71652
27919
9559
72348
13152
64389
74963
39643
31181
60669
72644
62899
5730
16777
66358
58915
10687
35849
40181
2777
40559
39309
78766
37854
95306
56525
4081
35746
48491
86850
90073
43684
13247
6860
9716
31217
19594
10956
54855
88016
80362
30004
49143
92893
14956
76160
9976
7310
33748
68061
13462
59332
91804
63260
4298
44859
49684
40627
42933
86305
44610
31589
24495
69059
54726
35093
53541
76978
60352
10279
52320
2461
29896
62102
67353
95508